((("truncate-lines" .
   [0 0 0 0 0 0 0 0 0 0 1 0 0 0])
  ("set-default" .
   [1 0 0 0 0 0 0 0 0 0 0])
  ("toggle-truncate-lines" .
   [0 0 0 0 0 0 0 0 0 1 0 0 0 0 0 0 0 0 0 0 0])
  ("customize" .
   [0 0 0 0 0 0 1 0 0])
  ("--" .
   [2 0])
  ("load-path" .
   [0 0 0 0 0 0 0 1 0])
  ("main" .
   [2 0 0 2])
  ("Foo" .
   [1 0 0])
  ("foo" .
   [1 0 0])
  ("files" .
   [1 0 0 0 0])
  ("load-user-file" .
   [0 0 0 0 0 0 1 0 0 0 0 0 \.\.\.])
  ("global-set-key" .
   [0 0 0 0 1 0 0 0 0 0 0 0 0 0])
  ("kbd" .
   [1 0 0])
  ("a" .
   [1])
  ("import" .
   [0 0 0 0 1 0])
  ("TGA" .
   [1 0 0])
  ("p" .
   [1])))
